$ANSIBLE_VAULT;1.1;AES256
30306532333632643262346331623633346330306230333966353563613665643661373262646230
6434326632646166666539383461346330373937633336330a333836323365366532663832333338
61663064613433386331333033636462323233656338633933333031396661623738643237653865
3163363537666564660a356335623933346462313762663039633265646537663132373832316664
37636238326664666665356463366234626362343438353536373962633033386364346463633038
65666363663536316366373264663939653665663261393063626635643933316261323639313434
64623265343063643338646335333430366139353962373166373863356538613931613739623461
65633538303638663432356633323338393266613861613161616530373262633637363430313262
34613130633761373431633936613838363764333239323534333837336437326261313937656534
66366639333861616232316564333563313039343766376137663464623566613737633530653464
65643733313230386533643737653664376532333138393931346638333865343336306465373930
61646239633831373836636433363432636566383139656435366138373833376232393166343434
32316438333761386438336462373831623035383861393730626635356231666630656132323237
66333739633133613962663230363266343836303363306165643639363432393437383130643830
31346334373634326563396363303866616265653065646637313134666439613539316433303664
61323237613964623439343864386564313137636436333562383038646635626437363734663037
64663664303264346537646666336264616633393562313163643963313466323232353430623864
34383464643431626261373331643037313332646366323035343337613430326165383139363234
35383766343538623836353638663431653463316462663038353230363131613034626563386234
34623133346239623633366135633736343033393464346331633930663434363933326263636265
65303965313162316633666337353030383363613465653634396165356232306266323730306230
32643235376538353962643565626137363361313136343335313032343864633462303537636332
31313033633037386136316636663963316365633534313938326235646431306239376132373862
63353664376532363061386436653236343635343938373738316531336432386433616532643933
33306532396333326135656163336365303336316534383334386533653434393463393462396165
63643064616662363934616330613263376531323638343034353831363537663636616534396133
30653030653165636434323431613464633837303139383663386263626663343961666335363365
63393363353432326461373835616265353831313136633966303339633932656362326636616462
32666538623761356331333438363239306637666561666335626330303130643432303538396332
65323731366539636239663035316133333263386234343161303837316336663065643634356337
64356231623034373865353865663635633766333933666232653364393364626633626265393633
63623433346332643763626238303738653762313866363239623634396435396466616165383134
65666563346632393336643630313835383839643238666365616430363939653537636237356630
35363039613463343136343230623934353737623937646164353034636438633635303363653239
38346365346262636138386135303235656566346331336234616637383737313033356463396233
38346332626637353636613337313732396264326462653734313334326266613735616235653439
64643535326464373361626163393865393865663737613933373333663262303332396366376664
66333964666132303235323730396265346362616166643665663630636561666239336537313539
37373437303730633838393534643632613764376264353165343037343730393730393662626364
35633464656439303733366436323561346538613639346539306534643136366665623533333265
64376366633666376661633132646265363362336432336237303764323634653233313437366261
66373865383337656130656435373765616135376636396465626136646632376362643734333332
36616436313437396265316333643931336534373362633564333430366332363337653764343166
62646164346239396131386439386434636263633130353130313661323235313765326338353832
36306233363738346563303432313363306235373930316666306631343730353034336635333266
36346461653338353937613633653964373839376330323139386133656164393565643733343936
64303563663830323230333539323762373038623334396435393237616363383732343937356137
34396638383739333030386565653839333763313261363532356664613331373839363932383163
33663933336538633332366561396165623331646431633966353130346363333533383464656635
61636566373635393436396262366231303064646339373339333037666234663235623862663166
33363938323334353661616162376232353139333134643739323863636161366662656430636665
34333734336137373436383736396431316330663062623866363764656162353362633534643435
63353732386330326137376639353534666432393432646639646434343034656338666636383464
66343862616561306338303930643538666236653431363536343464306461373230313939373939
30346438613963623733613532653036373631646335626530333230383164373931636231666337
61633239343132643662616437363634323439346634366366363130656165663964613033633838
61333965633032623461303136353366613764303538656362646230643061656566366532646532
61623363353666393764326336363166656465646664366231633264656237333661386137623039
66643365333331383932393438656534646235633732383166333230356138343561333936303338
39306465633630393436303439306362303138313762323334313235336637663133373239346631
62376132663035353938373533326431333739633863346362396464336434313535633064653763
62656266376466383662353433653433626233356532393534363064636439663963656430666462
64383131353666363562346666316464623761343534323462383239646139383263636161666464
64633132633865623931383036633164333764653864323666643066336631343239333133313664
63383033616233396432633364363533393662613362386234636530323132663330353334333036
63333862316339633638613639306364623937636234376539636138653634313335643638643263
66373231316437376262393535656565363863663863383534653066333732316530656363323135
35356233373033396161666436326338626535306238366534306465356436333466633134323662
35616234346462653764333637386130356466336330633034323634346436666539333335363034
39343530613632346664306330386463616536373136643134316661373865386137336337333762
39326531396330316564323930383165646232323539666364666236373130346534323765663166
36366130366235626663353864303161386462626533396239393536643866306566333639363439
65303262353135623730396562663339306162393135383030353263613630393864326633353166
30376131386333323331366462383066383237323962613735326364303565623865336336363861
36316137346434646466393338333863666231393663643434663136393437303739646261653166
33366666623762306665623532613266363335366334366439336330646265616333393861316538
38343939616138636432366465383632313539383334376363363034613131313364313665303438
37306432646239643338656161656263373539626432386430613930306565643561343230633933
63666466376664646638366537356234373266656339366631663830363665663535616638363636
37623161663261666134313535376334353937316131636139633437663037656162323633643731
66333236396464653361393361363832333765323935643730373165613937616639393334396332
62333032626531626661633631396337656461396335336135386531633933333134346261343063
38653863303034373866663863366437623833326261663537636264656662336439376264636239
31616333393035383639616639383365383230633430306364323532666565303465633731313338
32326631613365333961313537373531323661643438613762336365313737663135376633663334
33626661636238356137393561373238373632653435363262646535313266323836353266626338
62656462383963303338613062656632353765623163323730646131326637393437616333383862
62643139376365363636303133653861303633323037393566333665323937666435313737326465
65616635623238616666613864383037623837373661303066363031376530626664363737353935
62306665643631643831323231633636393265663533316538306234326339366262326262343262
37343465333236613433633432353161623137623131303933366238623364393437653331306165
66333938646630323538346666393039303033646164376436383065393630383937636434363035
62643038373937373634643734356661383666646237343163373365326662326361323439333732
61636236396439613130343965653966653338653938633865646464366638663763326263623438
62616661396162306164326363336431386666613135323964313532616465326165333434666363
33303331613530373961663032383861323665386665363263373838383563336638326166353162
62643937323565346533363466656161626630653866656235346637643966353039363230613762
37616431646663643337383162383361316163626235643635383866343530666333666330366639
62636561633363366637613437306437626530343930663365353733356461353564333961333835
64383039656430313462643466373832373237643037386337373434313834333737636131363264
34343039393238643033653737643664623866643438343765353163356639663961373865636232
65306632313266363462346564313839306463353661396466626261326635373431313736656465
61326433626233393833666335323438396534356432313265393363643532636634373232666265
30373163663832393966386133303164636165343436343134333663353961663065636461353762
63366435623235313039326237306534643263303432396337313764363039376263323965646263
31653362623761346531323234643264623831353863616333393163613435396438653066396533
31626362393333646165666462623139646337643930326335306661353035323438363062313535
38336466343164346365623936626138336531366437323064306534353862373139333733313961
65663539303833366261666265623237373166303661393131383131336136373938656262646262
32323533343864373638326334613830353230656539316639316531396332336230306365366461
63366231303435306238313236313164613839653966333063663038313961646231346631663536
31663836646235386339653563323463353939346637626531396630653835386338636236303336
33356333333661373933336163316636363830343837373631363431383862373134323935646435
38346438323864623036343837376230333832643636653261313337383431386337326133613732
33356137633766326165626365383065623066396133306339386630653463333838616238313138
36316162646134373466396665666238313032346636613734633837656432366664333839323537
36363836363964343639396436646233656464383235363161373437386535613863376565383039
61356561373266626463666166663766303761623834636165376237376339303361633561613363
34316232623164376134656431646337663165633666313762343938636332326430646362373638
61383263616563363638383137616565393230353236386231666639383131313938353762343930
33343238643162663536353261386561333266333663633463663031383138366539666665393430
38346532636134623233666530313637636335393462306538353362663433633162646230653233
38643533623430333664373631626330623732336665653538353633626465306634313130333637
32316562613237323835386330643932316631376134646434383261313163633838376637626139
36653634336536363961306363313561633630633961336565323934333230393364306533386363
37316265356135656236383039326662656466666365376432376134363437666661626330346237
30623566393833646264316163356536303564333638336639636330636232313731396636363233
34303266333862646132623566633235366136653935663264316462323037663938316437663633
34333532366265303461613533356438633636373234616232646331663232633938383731363737
65633631636130643838666533316139383861346432333832356435336364633861623933383238
64633263613536613763356165643738313662623736326134643961626662353932616263343334
65326434363237396562633535366565303737663030373263623365643338383336613538353936
35663934366134366362373062383032396431346533356365356435343839383666396533303232
39343735636565393862323964313461663864306637383631323938396666343963313830363135
38343538343966663739393931363737646663663837363634396562353266313634653063323664
66666132373630326233656666633230613838663261323635306662373266633435613439666536
37623834336639373936323837383165383737353764393438326331336462376134346438633963
64646530613337626436666438316534663365386631653436306332376534396466666365366363
32363566336532646362393837313236626162613830663231326631333162393838626131636262
33636564386131333566316265643561303135343132376537636161656539303162393562343537
62666266333632353736303162333830646537656636376635336130373961363162666534366635
33633132313036383565363836363336363832633530626532626132316135396133393061383539
65623962303063343539316630363831396365663438393034326434663865373261353036303236
36393661343162313235623039306164323064643331613335356537623665646139353639333964
35353966623966616161303662353365613164376335363866313865616638303537653862376138
37303630653237353334323064633734383032393563623134353730653963306337626263353466
35353433353334376165663464646161323132313863383434366663363333636630643131333835
38663835613933363166323139613832353031306530633961323430383762613332623634316433
34393831333833666165333562613334643739613261393634646565633664626533363836653761
33636437323735663337303231363361353931623661363032646436626632613934393833313736
33396165386134623066316331323536663634306330646536343138353564313530633731306332
32343939313939393339343965393461613861356364663663363564376135663335633663373063
30353230376535393536363565343732656234393336333831303864343339396263633564623330
35306666316563333265366433336635366335383333393231376666306232643565626262313532
66323838663834616261363435653237633362316232623036303239363163623131316164636130
64626265363730376339356634376363346638623334303132326536336365313439343335373337
37313862633734636134636131353031626437613761336438636166613836656131323039666238
34363634666461636363316364623137646465393435396134373162376431356536383461636566
31326462613262633535663730643733323563323534323263646333383562623833633336363134
34663237333766316564313433356563616264393631303562303632663135323736653334353266
38393862613565373164353866366130653532306636306362356265643064633161356439383263
32633138393564346335366164313739366363643133613739326239613665393431636439616539
63663063666231616462643930303538623366303666353533363365633766386632323439386165
30313531623061383365343936616461306135346637623834323539663532323563663761336463
63613135666564393132363735326436643836666538383162393664313032656535346633653037
3563656466343431323566623134303966613532303338396262
