$ANSIBLE_VAULT;1.1;AES256
62373862666335653231353764333163346132336237343335313836313532383461633162666237
3161643233363235613762323064343566663239383436610a616535393139656663316232313234
62643539306237333036343739313566336464666331323732633161623961363433303862636462
6232333138323234610a336139373663363665366332656131376237366430343434393662626338
31386161666634376462353539613835303138393766363531336436313035343434613036373836
30636366333264383365643566353837336432616337343763396336383861376334333963333232
38333361383035356562663765306461616465326263613464386331666365393838346162366136
38333162663464346365333433303862646461303962616539386262393164333533376636646637
61643866363964303665333532623536373633336437643065356566316438396238343564316533
37343764333635323365303336653738343334386234343933393966613262653232393535663131
35333536353866613639393230633036666562623738366137356338363761386533643932333039
63396139366436393635326130333632366136303961376161363863613364663266366163656230
37613733356536326636653337373739313764343339643238333530663931386631656138363038
34373065376561393562363565646461306432396364353438336534353462613365396163636432
38643131656232323332663663306666633737636331346233316536323633666134396235373134
35316135313731393632386561323839316565663666343463363931373838323832633763313039
35366264626266626163393564326533346162666232373739306262653433303938343937323464
33306335363965353364663464336135303963623736393035336537366134663462643430346438
38666639396131663936613237613430376339623939316339313765323566303536326464393361
34346662373632623935336464303132613136356130356162393333366533626536633636333330
63616664643439653136653932326562666161343566333633643635326231343734633737356139
30376635323363386338653763663133613232383432663832326562323931323138313536633364
66343562613230313035336464616264633265396633643431396262336130633338643835353964
64316639313163356235316337653165373962356436663830643561386264306462333439323930
38613062333861313032353633363431663035643439303865663934333137363931333464383362
35373738393339376238613032333261623135343831316132306433616433373638323633623465
66646161356430373339306566316462623036633030366131326266383839306537616362646563
35623335326136313461306135313139646163326132363835373439356334326233393630653166
63663733616238336236356530656638663966643239383732653138323834653462383138386132
38393135626461376639643134643734653364366462303233613735326639656637666530653033
63653336363636356564663062306434336133643634343431306637376264343731643339663234
37623365316531373235353564613032633165663166343836366238633731363665646265366364
34346434623839346464656130376462353363376430643837366165653364613631386435373639
62633835633138393635316435666336633566626366326634636532373066646237643636333039
33636630666530626166306564633837376664663461366565373135316662633930323236376231
37326262373363633164343839343364616537333062636561323530636131373035613664376232
30636436353261313333313236323466656461363335356234623363396264373631666538333430
65623035313330333537383962363365393230666163363737663538373665363266663837326138
31656466363562616336393038656362613866383630336132366364333233346134356437383562
33386166643734663461333638326433343765303034643637383139323638346135663631656638
35353035666437633362333038626131323736656635306232613137353130316361353464616636
35343239616337646338326664653661303664333437313863633435653333343531633832393733
38373863363131323664356631653461336561343831396261353766306532323863663036666161
33376436653835653234633966626533616339353038646166653461643536376439326233336432
32653532383262633335373064646361613163396266383765383238303530313764313931373864
36343934613338623430313034373830313531643564643736376239373731646566636563313463
31393935306539393338346636626636653163323839666363663239666562663132656639666431
62623565336130366536353538633362363863663732613563613634393666633065333831643933
34383430386531396236313564353561643438623864323238363536366538636462653139343165
30353538356536623130336434636230396533353663373638386462386361326134653235623835
63303134663364366661346562666239303965363163303266343637626531396364303361316331
64333538333733663664613435643138626433363533353862613961393231386465303734393664
66653464386536323033646638303733313166623435313735653130636632336232653836323966
65656337653861643837666332303435396237626538386463656362626631363466393730643133
62646264323732636238383065633038343335666534356233386537366539633763393166633539
62613035653730363936346461626632656461323664356630643464313332613336376166663037
62653731633634616664643366323831303366653130333931636539326430633239363335386537
39663331396639383537366237633530623538326432656338373133343230656462326335306363
31623837323137393131316363393264356339356135393439613361656431653735653436623264
61393831363337343566366330656531306139306561353161353634346565316261353064613766
38626531346538343539653231643032363633383736653232626564373566396464373530346664
33633432393334323332373262613434333165613037383034616534393366326135313165303233
38313631303561383866623234383830626461353166353232383666303133306266643236356135
61613533346665383637373130653264666132646633313030663634633334396661376133353666
38613730633537333137343064393764626232306234663037613964313736663533336237663135
37373261313666336463353863356463633831336361623332356630613665363564383266373832
65383866656236663939383661333733343964393136636330303530353132386335663632326439
61336137623839326661623135633638373735633931333137373535356561633536623062393436
38666537373239303738656438323963663031653165363930373665623564336666393633653535
30343331356535653033396334653331646262343336653634666564356132636536633130383832
34383166653536636138623661613766623262383961653039313864333864646538613532303838
39323766396430316432616130333836336132646365393237303866336637363331386366373936
32373266313232303236343735663462323435336562663838363061633662383364373465623839
37323763363639643066643234333362346166373230623164323161386137343035323662356566
65356136373938633436323766303638626133333462303365333630636461666439613337333239
62653135383734353261393262306530343132376664613561346539386363633263353534653732
36383430306562383435663435326533383438643761313763653131393432363537666636323763
62623266633064396234383034346230373333623136393137316462363362643832356532333731
64383864656464343137336530313261613831636530333764303136373939636336323061323835
35336531653731653263653530363130623436366134353932656335323266316663356135323933
30333261306638393133656563386330393064643464373532343633656165393732613566353666
34316466383531343432336366636233363366336138363837613436353166333233373131306631
30636631653161376361663365646138623361323337396238633932393461363036653361356565
62393230353165643730636661303364393564383137366232383332633733306164643538653230
36386663313135343834643262343262396463323661343930346236363338303530373237346166
34323464336332366435643038613764656134393565343263623238393232383366343336373032
62323061373833313966616634323561333463336564623964396636396336336165303737633337
63336364643832633635386234376336323631363665383431646337636533613331306130613361
31303639666338633931356131633835373933336239646232333638353036396333343162346134
34316338343563623066346538656536616236313636346136326531653937303666636363333732
36373064336162353639663062636538323963333536303237356132383964393365343039333333
34393631333066633531376137633862363266353362663062623061383838356463343761313133
37623633373534373433373432333966333830663530346237613837396630616438643363613266
35373339636132326238633562383539386437663834333830386464383137666531316230323432
633662623939393864363132313531353165
